[1 2 9]
[12 16 9]
[50 54 9]
[64 65 9]
[82 84 9]
[82 2358 9]
[82 2579 9]
[84 2358 9]
[84 2579 9]
[85 215 9]
[85 218 9]
[86 575 9]
[86 607 9]
[86 631 9]
[94 98 9]
[96 100 9]
[101 109 9]
[105 110 9]
[105 112 9]
[119 257 9]
[121 125 9]
[139 318 9]
[139 322 9]
[140 146 9]
[140 2535 9]
[141 147 9]
[141 2698 9]
[143 145 9]
[146 2535 9]
[147 2698 9]
[161 219 9]
[161 388 9]
[169 172 9]
[170 373 9]
[175 187 9]
[176 362 9]
[183 789 9]
[187 362 9]
[199 970 9]
[199 1020 9]
[208 211 9]
[214 1079 9]
[215 218 9]
[219 388 9]
[226 752 9]
[238 525 9]
[238 2551 9]
[238 2666 9]
[238 2742 9]
[248 721 9]
[248 957 9]
[248 995 9]
[260 570 9]
[266 410 9]
[275 859 9]
[277 2455 9]
[280 404 9]
[292 834 9]
[302 316 9]
[318 322 9]
[334 618 9]
[334 1156 9]
[341 565 9]
[347 491 9]
[347 564 9]
[347 1258 9]
[347 1567 9]
[352 494 9]
[352 1138 9]
[352 1230 9]
[353 659 9]
[353 694 9]
[374 1650 9]
[374 1771 9]
[386 621 9]
[394 1224 9]
[394 1265 9]
[405 548 9]
[419 1014 9]
[419 1065 9]
[419 1089 9]
[421 1056 9]
[436 441 9]
[450 730 9]
[455 1428 9]
[455 1494 9]
[455 1500 9]
[457 821 9]
[467 818 9]
[488 1677 9]
[488 1707 9]
[490 1028 9]
[490 1099 9]
[490 1202 9]
[491 564 9]
[491 1258 9]
[491 1567 9]
[494 520 9]
[494 1994 9]
[504 1180 9]
[504 1181 9]
[504 1226 9]
[512 1156 9]
[520 2538 9]
[545 1238 9]
[546 561 9]
[546 568 9]
[552 553 9]
[559 1962 9]
[561 568 9]
[564 1258 9]
[564 1567 9]
[575 607 9]
[575 631 9]
[580 1636 9]
[580 1652 9]
[580 1710 9]
[586 978 9]
[588 621 9]
[588 961 9]
[588 1004 9]
[591 652 9]
[595 832 9]
[600 601 9]
[607 631 9]
[609 1340 9]
[612 1322 9]
[615 1329 9]
[618 1156 9]
[621 1004 9]
[626 1400 9]
[639 1048 9]
[639 1075 9]
[640 1062 9]
[643 708 9]
[645 1377 9]
[655 1338 9]
[655 1354 9]
[655 1455 9]
[659 694 9]
[668 732 9]
[680 1922 9]
[683 1131 9]
[690 1274 9]
[690 1330 9]
[690 1627 9]
[690 1666 9]
[704 2047 9]
[704 2071 9]
[713 1125 9]
[713 2659 9]
[715 1306 9]
[715 1448 9]
[715 1504 9]
[715 1851 9]
[715 2166 9]
[729 1685 9]
[730 2533 9]
[736 950 9]
[736 1153 9]
[736 2270 9]
[741 1456 9]
[753 1200 9]
[761 826 9]
[768 1670 9]
[776 823 9]
[780 1472 9]
[781 934 9]
[782 1407 9]
[795 901 9]
[797 1431 9]
[813 1164 9]
[815 838 9]
[815 843 9]
[815 849 9]
[815 855 9]
[815 878 9]
[817 1160 9]
[818 845 9]
[820 1349 9]
[830 1264 9]
[834 884 9]
[838 843 9]
[838 849 9]
[838 855 9]
[838 878 9]
[840 1241 9]
[840 2718 9]
[842 1166 9]
[843 849 9]
[843 855 9]
[843 878 9]
[844 1530 9]
[849 855 9]
[849 878 9]
[855 878 9]
[858 1580 9]
[858 1593 9]
[859 1172 9]
[859 1195 9]
[864 1022 9]
[868 2573 9]
[870 1111 9]
[871 1908 9]
[871 1942 9]
[872 911 9]
[875 1312 9]
[888 1578 9]
[888 1688 9]
[891 901 9]
[894 1332 9]
[897 900 9]
[899 1566 9]
[899 1735 9]
[900 2536 9]
[901 1410 9]
[904 1010 9]
[912 1339 9]
[915 1554 9]
[915 1583 9]
[917 1651 9]
[917 1653 9]
[919 932 9]
[920 938 9]
[921 1221 9]
[921 1373 9]
[921 1586 9]
[921 1617 9]
[921 2654 9]
[925 1264 9]
[933 1800 9]
[933 1846 9]
[933 1904 9]
[933 2722 9]
[947 952 9]
[947 972 9]
[950 1153 9]
[952 972 9]
[955 1071 9]
[955 2035 9]
[955 2337 9]
[955 2736 9]
[957 995 9]
[958 1474 9]
[961 1004 9]
[961 2628 9]
[967 1364 9]
[970 1020 9]
[985 1421 9]
[990 1382 9]
[990 1446 9]
[996 1702 9]
[996 1722 9]
[996 1728 9]
[998 1024 9]
[1004 2628 9]
[1006 2030 9]
[1006 2113 9]
[1009 1130 9]
[1011 1147 9]
[1011 1437 9]
[1014 1065 9]
[1014 1089 9]
[1018 1698 9]
[1028 1099 9]
[1028 1202 9]
[1028 1268 9]
[1028 1429 9]
[1028 2425 9]
[1032 1078 9]
[1032 1104 9]
[1032 1137 9]
[1033 1358 9]
[1034 1444 9]
[1034 1475 9]
[1035 1037 9]
[1048 1075 9]
[1050 1473 9]
[1052 1953 9]
[1054 1056 9]
[1054 1069 9]
[1055 1413 9]
[1055 1816 9]
[1056 1069 9]
[1057 2072 9]
[1064 2006 9]
[1065 1089 9]
[1066 1479 9]
[1071 2736 9]
[1074 1611 9]
[1078 1104 9]
[1078 1137 9]
[1079 1198 9]
[1082 1477 9]
[1082 1508 9]
[1083 1236 9]
[1083 1485 9]
[1085 1503 9]
[1092 1294 9]
[1092 1301 9]
[1092 2716 9]
[1099 1202 9]
[1103 1493 9]
[1103 1522 9]
[1103 2344 9]
[1104 1137 9]
[1105 2005 9]
[1109 1509 9]
[1110 1416 9]
[1110 1864 9]
[1115 1157 9]
[1115 1182 9]
[1115 2583 9]
[1118 1555 9]
[1125 2659 9]
[1126 1936 9]
[1126 2023 9]
[1127 1559 9]
[1128 1132 9]
[1129 1185 9]
[1129 1790 9]
[1135 1214 9]
[1135 1228 9]
[1138 1230 9]
[1142 1223 9]
[1146 1839 9]
[1146 1859 9]
[1148 1591 9]
[1153 2270 9]
[1157 1182 9]
[1157 2583 9]
[1158 1842 9]
[1162 1516 9]
[1162 1582 9]
[1167 1630 9]
[1172 1195 9]
[1180 1181 9]
[1180 1226 9]
[1181 1226 9]
[1182 2583 9]
[1185 1790 9]
[1187 1343 9]
[1192 1344 9]
[1192 2622 9]
[1197 1215 9]
[1202 1429 9]
[1202 2425 9]
[1206 1351 9]
[1209 1361 9]
[1214 1228 9]
[1214 1234 9]
[1218 1374 9]
[1220 1372 9]
[1221 1373 9]
[1221 1586 9]
[1221 1617 9]
[1221 2654 9]
[1238 1302 9]
[1241 2718 9]
[1252 1403 9]
[1254 2018 9]
[1254 2080 9]
[1255 2740 9]
[1258 1567 9]
[1265 2561 9]
[1267 1478 9]
[1267 1625 9]
[1268 1429 9]
[1268 2425 9]
[1272 1408 9]
[1274 1330 9]
[1274 1627 9]
[1274 1666 9]
[1282 2200 9]
[1285 1692 9]
[1291 1657 9]
[1291 1667 9]
[1294 1301 9]
[1294 2716 9]
[1294 2740 9]
[1299 2076 9]
[1301 2716 9]
[1306 1448 9]
[1306 1504 9]
[1306 1512 9]
[1306 2166 9]
[1314 1490 9]
[1330 1513 9]
[1330 1627 9]
[1330 1666 9]
[1331 2255 9]
[1334 1656 9]
[1335 1895 9]
[1336 2067 9]
[1336 2085 9]
[1336 2091 9]
[1338 1354 9]
[1338 1455 9]
[1344 2622 9]
[1353 1708 9]
[1354 1455 9]
[1356 2588 9]
[1357 1980 9]
[1361 2644 9]
[1362 2062 9]
[1362 2119 9]
[1362 2357 9]
[1363 1959 9]
[1365 2050 9]
[1365 2359 9]
[1365 2508 9]
[1367 1381 9]
[1367 1998 9]
[1370 1407 9]
[1373 1586 9]
[1373 1617 9]
[1373 2089 9]
[1373 2090 9]
[1382 1446 9]
[1385 1409 9]
[1385 1753 9]
[1386 1645 9]
[1388 1391 9]
[1388 1394 9]
[1388 1436 9]
[1388 1447 9]
[1388 2604 9]
[1389 2237 9]
[1390 1393 9]
[1390 1426 9]
[1391 1394 9]
[1391 1436 9]
[1391 1447 9]
[1391 2604 9]
[1393 1426 9]
[1394 1436 9]
[1394 1447 9]
[1394 2604 9]
[1396 1398 9]
[1396 2318 9]
[1402 1977 9]
[1402 2181 9]
[1403 2673 9]
[1406 1628 9]
[1409 1753 9]
[1411 1739 9]
[1411 1772 9]
[1413 1816 9]
[1413 1855 9]
[1416 1864 9]
[1418 1798 9]
[1418 2578 9]
[1419 2048 9]
[1421 1849 9]
[1428 1494 9]
[1428 1500 9]
[1429 2425 9]
[1430 1907 9]
[1434 1719 9]
[1434 1811 9]
[1436 1447 9]
[1436 2604 9]
[1442 1745 9]
[1444 1475 9]
[1445 2565 9]
[1447 2604 9]
[1448 1504 9]
[1448 1851 9]
[1448 2166 9]
[1451 2019 9]
[1451 2034 9]
[1452 2129 9]
[1460 2098 9]
[1466 2006 9]
[1469 2174 9]
[1474 2050 9]
[1474 2508 9]
[1477 1508 9]
[1478 1625 9]
[1481 1553 9]
[1481 1942 9]
[1484 1724 9]
[1484 1958 9]
[1489 1747 9]
[1489 2545 9]
[1489 2718 9]
[1493 1522 9]
[1493 2344 9]
[1494 1500 9]
[1494 1864 9]
[1504 1851 9]
[1504 2166 9]
[1510 1659 9]
[1510 1756 9]
[1510 1896 9]
[1513 1627 9]
[1513 1666 9]
[1516 1582 9]
[1517 1540 9]
[1519 1818 9]
[1522 2344 9]
[1523 1597 9]
[1527 2724 9]
[1528 1789 9]
[1528 1986 9]
[1529 1592 9]
[1530 1611 9]
[1531 1799 9]
[1532 2741 9]
[1535 2074 9]
[1537 1604 9]
[1541 1543 9]
[1550 1835 9]
[1553 1908 9]
[1553 1942 9]
[1554 1583 9]
[1556 1843 9]
[1557 1856 9]
[1557 2045 9]
[1557 2094 9]
[1557 2170 9]
[1557 2172 9]
[1561 1883 9]
[1562 1850 9]
[1563 1598 9]
[1563 2189 9]
[1565 1905 9]
[1565 2350 9]
[1566 1735 9]
[1568 1897 9]
[1577 1871 9]
[1578 1688 9]
[1580 1593 9]
[1586 1617 9]
[1586 2089 9]
[1586 2090 9]
[1586 2654 9]
[1590 1870 9]
[1594 1886 9]
[1596 1910 9]
[1597 1873 9]
[1598 2178 9]
[1598 2189 9]
[1598 2231 9]
[1599 1610 9]
[1606 1890 9]
[1609 1634 9]
[1609 1677 9]
[1609 1707 9]
[1617 2089 9]
[1617 2090 9]
[1617 2654 9]
[1620 2247 9]
[1622 1902 9]
[1626 1915 9]
[1627 1666 9]
[1632 2011 9]
[1633 1657 9]
[1633 1667 9]
[1634 1677 9]
[1634 1707 9]
[1636 1652 9]
[1636 1710 9]
[1647 1909 9]
[1647 1912 9]
[1647 2445 9]
[1650 1669 9]
[1650 1726 9]
[1650 1771 9]
[1650 1940 9]
[1650 1949 9]
[1651 1653 9]
[1652 1710 9]
[1655 1694 9]
[1657 1667 9]
[1659 1756 9]
[1659 1896 9]
[1661 1695 9]
[1662 1948 9]
[1668 2130 9]
[1669 1726 9]
[1669 1771 9]
[1669 1940 9]
[1669 1949 9]
[1670 1736 9]
[1671 2588 9]
[1673 1751 9]
[1677 1707 9]
[1681 2729 9]
[1684 2570 9]
[1691 2577 9]
[1698 1754 9]
[1698 2219 9]
[1698 2257 9]
[1698 2277 9]
[1702 1722 9]
[1702 1728 9]
[1702 2636 9]
[1709 2001 9]
[1709 2168 9]
[1714 2097 9]
[1716 2136 9]
[1718 1801 9]
[1719 1811 9]
[1721 1765 9]
[1722 1728 9]
[1722 2636 9]
[1724 1958 9]
[1726 1771 9]
[1726 1940 9]
[1726 1949 9]
[1728 2636 9]
[1730 1891 9]
[1737 2387 9]
[1737 2620 9]
[1739 1772 9]
[1740 1820 9]
[1740 1824 9]
[1747 2545 9]
[1747 2718 9]
[1750 1883 9]
[1750 2049 9]
[1754 1889 9]
[1754 2219 9]
[1754 2221 9]
[1754 2257 9]
[1754 2277 9]
[1765 1986 9]
[1766 1790 9]
[1766 2220 9]
[1770 2066 9]
[1771 1940 9]
[1771 1949 9]
[1777 1785 9]
[1781 1963 9]
[1781 1983 9]
[1781 2625 9]
[1783 2075 9]
[1786 1957 9]
[1786 1993 9]
[1786 2086 9]
[1796 1810 9]
[1798 2578 9]
[1800 1846 9]
[1800 1904 9]
[1800 2722 9]
[1803 1841 9]
[1803 1997 9]
[1803 2690 9]
[1805 1976 9]
[1809 2446 9]
[1813 2109 9]
[1816 1855 9]
[1817 1987 9]
[1817 2129 9]
[1820 1824 9]
[1822 2363 9]
[1826 2125 9]
[1831 2128 9]
[1832 2131 9]
[1835 2141 9]
[1839 1859 9]
[1841 1997 9]
[1841 2690 9]
[1846 1904 9]
[1846 2722 9]
[1847 2154 9]
[1851 2166 9]
[1852 2260 9]
[1856 2045 9]
[1856 2094 9]
[1856 2170 9]
[1856 2172 9]
[1875 2206 9]
[1875 2208 9]
[1877 1906 9]
[1877 1934 9]
[1877 1996 9]
[1879 2428 9]
[1883 2049 9]
[1885 2053 9]
[1887 2216 9]
[1889 2219 9]
[1889 2221 9]
[1889 2257 9]
[1889 2277 9]
[1893 2227 9]
[1893 2235 9]
[1899 2662 9]
[1904 2722 9]
[1905 2348 9]
[1905 2350 9]
[1906 1934 9]
[1907 1953 9]
[1908 1942 9]
[1908 1998 9]
[1909 2445 9]
[1910 2327 9]
[1913 1964 9]
[1919 2182 9]
[1919 2232 9]
[1931 1948 9]
[1932 2153 9]
[1932 2256 9]
[1936 2023 9]
[1940 1949 9]
[1942 1998 9]
[1943 2269 9]
[1956 2389 9]
[1957 2086 9]
[1963 1983 9]
[1963 2625 9]
[1965 2044 9]
[1965 2651 9]
[1966 2286 9]
[1977 2181 9]
[1982 2014 9]
[1983 2625 9]
[1984 2250 9]
[1987 2129 9]
[1990 2060 9]
[1990 2493 9]
[1990 2501 9]
[1993 2086 9]
[1997 2690 9]
[2000 2026 9]
[2000 2047 9]
[2000 2056 9]
[2000 2071 9]
[2002 2251 9]
[2002 2317 9]
[2013 2027 9]
[2013 2052 9]
[2013 2087 9]
[2013 2142 9]
[2013 2541 9]
[2013 2557 9]
[2018 2080 9]
[2019 2034 9]
[2023 2744 9]
[2024 2564 9]
[2025 2733 9]
[2026 2047 9]
[2026 2056 9]
[2026 2071 9]
[2027 2052 9]
[2027 2061 9]
[2027 2087 9]
[2027 2142 9]
[2027 2557 9]
[2029 2298 9]
[2030 2113 9]
[2035 2337 9]
[2035 2736 9]
[2040 2493 9]
[2043 2106 9]
[2045 2094 9]
[2045 2170 9]
[2045 2172 9]
[2047 2056 9]
[2047 2071 9]
[2050 2359 9]
[2050 2465 9]
[2050 2508 9]
[2050 2589 9]
[2052 2061 9]
[2052 2087 9]
[2052 2142 9]
[2052 2541 9]
[2052 2557 9]
[2054 2124 9]
[2055 2364 9]
[2056 2071 9]
[2058 2283 9]
[2058 2564 9]
[2060 2501 9]
[2061 2142 9]
[2061 2557 9]
[2062 2119 9]
[2062 2357 9]
[2067 2085 9]
[2067 2091 9]
[2085 2091 9]
[2087 2142 9]
[2087 2541 9]
[2087 2557 9]
[2089 2090 9]
[2090 2654 9]
[2094 2170 9]
[2094 2172 9]
[2099 2429 9]
[2102 2441 9]
[2112 2159 9]
[2119 2357 9]
[2120 2429 9]
[2131 2173 9]
[2132 2152 9]
[2137 2491 9]
[2137 2633 9]
[2141 2495 9]
[2142 2541 9]
[2142 2557 9]
[2145 2160 9]
[2147 2259 9]
[2147 2265 9]
[2151 2180 9]
[2151 2238 9]
[2153 2256 9]
[2157 2704 9]
[2160 2187 9]
[2167 2237 9]
[2167 2262 9]
[2170 2172 9]
[2180 2238 9]
[2189 2231 9]
[2190 2556 9]
[2190 2605 9]
[2191 2553 9]
[2194 2730 9]
[2196 2570 9]
[2200 2726 9]
[2201 2684 9]
[2201 2738 9]
[2205 2586 9]
[2205 2633 9]
[2213 2230 9]
[2219 2221 9]
[2219 2257 9]
[2219 2277 9]
[2220 2679 9]
[2221 2257 9]
[2221 2277 9]
[2226 2247 9]
[2227 2235 9]
[2228 2540 9]
[2237 2262 9]
[2242 2292 9]
[2251 2317 9]
[2253 2273 9]
[2253 2315 9]
[2254 2316 9]
[2257 2277 9]
[2273 2315 9]
[2281 2465 9]
[2283 2564 9]
[2288 2334 9]
[2288 2462 9]
[2288 2488 9]
[2290 2409 9]
[2305 2310 9]
[2305 2345 9]
[2307 2427 9]
[2308 2458 9]
[2310 2345 9]
[2314 2339 9]
[2314 2370 9]
[2314 2374 9]
[2314 2386 9]
[2318 2453 9]
[2318 2552 9]
[2318 2727 9]
[2320 2325 9]
[2320 2329 9]
[2322 2342 9]
[2323 2347 9]
[2325 2329 9]
[2327 2677 9]
[2328 2381 9]
[2330 2505 9]
[2330 2711 9]
[2333 2356 9]
[2334 2462 9]
[2334 2488 9]
[2336 2599 9]
[2338 2372 9]
[2338 2377 9]
[2339 2370 9]
[2339 2374 9]
[2339 2386 9]
[2341 2408 9]
[2341 2465 9]
[2341 2572 9]
[2341 2589 9]
[2349 2431 9]
[2358 2579 9]
[2359 2508 9]
[2363 2376 9]
[2364 2419 9]
[2368 2375 9]
[2368 2395 9]
[2370 2386 9]
[2372 2377 9]
[2374 2386 9]
[2375 2395 9]
[2380 2420 9]
[2380 2484 9]
[2385 2421 9]
[2387 2599 9]
[2387 2620 9]
[2397 2412 9]
[2398 2440 9]
[2408 2458 9]
[2408 2465 9]
[2408 2572 9]
[2408 2589 9]
[2408 2618 9]
[2415 2426 9]
[2415 2437 9]
[2420 2484 9]
[2426 2437 9]
[2430 2438 9]
[2430 2452 9]
[2430 2466 9]
[2430 2481 9]
[2433 2686 9]
[2438 2452 9]
[2438 2466 9]
[2438 2481 9]
[2442 2469 9]
[2449 2473 9]
[2451 2474 9]
[2452 2466 9]
[2452 2481 9]
[2453 2458 9]
[2453 2465 9]
[2453 2589 9]
[2458 2465 9]
[2458 2572 9]
[2458 2589 9]
[2461 2463 9]
[2461 2478 9]
[2461 2489 9]
[2461 2504 9]
[2461 2518 9]
[2462 2488 9]
[2463 2478 9]
[2463 2489 9]
[2463 2504 9]
[2463 2518 9]
[2464 2468 9]
[2464 2487 9]
[2464 2502 9]
[2465 2572 9]
[2465 2589 9]
[2465 2618 9]
[2466 2481 9]
[2468 2487 9]
[2468 2498 9]
[2471 2669 9]
[2474 2666 9]
[2476 2505 9]
[2476 2711 9]
[2477 2482 9]
[2477 2486 9]
[2477 2520 9]
[2477 2551 9]
[2477 2666 9]
[2478 2489 9]
[2478 2504 9]
[2478 2518 9]
[2482 2486 9]
[2482 2520 9]
[2482 2551 9]
[2482 2601 9]
[2482 2666 9]
[2482 2675 9]
[2482 2742 9]
[2483 2507 9]
[2486 2520 9]
[2486 2666 9]
[2487 2498 9]
[2487 2502 9]
[2487 2511 9]
[2489 2504 9]
[2490 2496 9]
[2498 2502 9]
[2504 2518 9]
[2505 2711 9]
[2506 2510 9]
[2506 2520 9]
[2506 2551 9]
[2506 2666 9]
[2506 2675 9]
[2506 2742 9]
[2520 2551 9]
[2520 2601 9]
[2520 2666 9]
[2520 2675 9]
[2520 2742 9]
[2523 2527 9]
[2523 2530 9]
[2523 2543 9]
[2526 2528 9]
[2527 2530 9]
[2527 2543 9]
[2530 2543 9]
[2533 2546 9]
[2541 2557 9]
[2545 2718 9]
[2551 2601 9]
[2551 2666 9]
[2551 2675 9]
[2551 2742 9]
[2552 2727 9]
[2556 2605 9]
[2572 2589 9]
[2572 2618 9]
[2580 2723 9]
[2585 2603 9]
[2589 2618 9]
[2599 2620 9]
[2600 2682 9]
[2601 2666 9]
[2601 2675 9]
[2601 2742 9]
[2666 2675 9]
[2666 2742 9]
[2667 2699 9]
[2672 2703 9]
[2675 2742 9]
[2716 2740 9]
